Foil_Camber: 0.1
VELOCITY        HEIGHT          MACH    
411.608        0.0        0.0
411.608        25.943802        0.025
411.608        103.775207        0.051
461.809        233.494215        0.076
461.809        415.100826        0.101
512.0101        648.595041        0.127
461.809        933.97686        0.152
461.809        1271.246281        0.177
562.2111        1660.403306        0.203
612.4121        2101.447934        0.228
512.0101        2594.380165        0.254
612.4121        3139.2        0.279
612.4121        3735.907438        0.304
612.4121        4384.502479        0.33
662.6131        5084.985124        0.355
712.8141        5837.355372        0.381
813.2161        6641.613223        0.407
763.0151        7497.758678        0.432
913.6181        8405.791736        0.458
913.6181        9365.712397        0.483
1064.221        10377.520661        0.509
1064.221        11441.216529        0.535
1164.623        12556.8        0.561
1315.226        13724.271074        0.587
1415.628        14943.629752        0.612
1566.231        16214.876033        0.638
1817.236        17538.009917        0.664
1967.839        18913.031405        0.69
2269.045        20339.940496        0.717
2520.05        21818.73719        0.743
4477.889        23349.421488        0.769
5331.307        24931.993388        0.795
5783.116        26566.452893        0.822
6686.734        28252.8        0.848
7590.352        29991.034711        0.874
8795.176        31781.157025        0.901
10.0        33623.166942        0.928
10.0        35517.064463        0.954
60.20101        37462.849587        0.981
10.0        39460.522314        1.008
10.0        41510.082645        1.035
10.0        43611.530579        1.062
10.0        45764.866116        1.089
10.0        47970.089256        1.116
10.0        50227.2        1.144
10.0        52536.198347        1.171
10.0        54897.084298        1.198
110.402        57309.857851        1.226
10.0        59774.519008        1.254
10.0        62291.067769        1.281
10.0        64859.504132        1.309
10.0        67479.828099        1.337
10.0        70152.039669        1.365
10.0        72876.138843        1.394
10.0        75652.12562        1.422
10.0        78480.0        1.451
10.0        81359.761983        1.479
10.0        84291.41157        1.508
10.0        87274.94876        1.537
10.0        90310.373554        1.566
10.0        93397.68595        1.595
10.0        96536.88595        1.624
10.0        99727.973554        1.653
10.0        102970.94876        1.683
10.0        106265.81157        1.712
10.0        109612.561983        1.742
10.0        113011.2        1.772
10.0        116461.72562        1.802
10.0        119964.138843        1.832
10.0        123518.439669        1.863
10.0        127124.628099        1.893
10.0        130782.704132        1.924
10.0        134492.667769        1.955
10.0        138254.519008        1.986
10.0        142068.257851        2.017
10.0        145933.884298        2.048
10.0        149851.398347        2.08
10.0        153820.8        2.112
10.0        157842.089256        2.144
10.0        161915.266116        2.176
10.0        166040.330579        2.208
10.0        170217.282645        2.24
60.20101        174446.122314        2.273
60.20101        178726.849587        2.306
60.20101        183059.464463        2.339
60.20101        187443.966942        2.372
60.20101        191880.357025        2.406
60.20101        196368.634711        2.439
60.20101        200908.8        2.473
60.20101        205500.852893        2.507
60.20101        210144.793388        2.541
60.20101        214840.621488        2.576
60.20101        219588.33719        2.611
60.20101        224387.940496        2.646
60.20101        229239.431405        2.681
60.20101        234142.809917        2.716
10.0        239098.076033        2.752
10.0        244105.229752        2.788
10.0        249164.271074        2.824
10.0        254275.2        2.86

Foil_Camber: 0.2
VELOCITY        HEIGHT          MACH    
10.0        0.0        0.0
10.0        25.943802        0.025
60.20101        103.775207        0.051
60.20101        233.494215        0.076
160.603        415.100826        0.101
10.0        648.595041        0.127
60.20101        933.97686        0.152
10.0        1271.246281        0.177
10.0        1660.403306        0.203
10.0        2101.447934        0.228
10.0        2594.380165        0.254
160.603        3139.2        0.279
60.20101        3735.907438        0.304
10.0        4384.502479        0.33
10.0        5084.985124        0.355
261.005        5837.355372        0.381
60.20101        6641.613223        0.407
10.0        7497.758678        0.432
10.0        8405.791736        0.458
10.0        9365.712397        0.483
10.0        10377.520661        0.509
160.603        11441.216529        0.535
261.005        12556.8        0.561
10.0        13724.271074        0.587
110.402        14943.629752        0.612
160.603        16214.876033        0.638
110.402        17538.009917        0.664
60.20101        18913.031405        0.69
110.402        20339.940496        0.717
60.20101        21818.73719        0.743
110.402        23349.421488        0.769
311.206        24931.993388        0.795
110.402        26566.452893        0.822
210.804        28252.8        0.848
261.005        29991.034711        0.874
160.603        31781.157025        0.901
461.809        33623.166942        0.928
311.206        35517.064463        0.954
361.407        37462.849587        0.981
361.407        39460.522314        1.008
512.0101        41510.082645        1.035
612.4121        43611.530579        1.062
662.6131        45764.866116        1.089
963.8191        47970.089256        1.116
1164.623        50227.2        1.144
1164.623        52536.198347        1.171
1566.231        54897.084298        1.198
2419.648        57309.857851        1.226
3222.864        59774.519008        1.254
3222.864        62291.067769        1.281
3222.864        64859.504132        1.309
5582.312        67479.828099        1.337
5582.312        70152.039669        1.365
5582.312        72876.138843        1.394
5582.312        75652.12562        1.422
5582.312        78480.0        1.451
5582.312        81359.761983        1.479
5582.312        84291.41157        1.508
5582.312        87274.94876        1.537
5582.312        90310.373554        1.566
5582.312        93397.68595        1.595
5582.312        96536.88595        1.624
5582.312        99727.973554        1.653
5582.312        102970.94876        1.683
5582.312        106265.81157        1.712
5582.312        109612.561983        1.742
6536.131        113011.2        1.772
6536.131        116461.72562        1.802
6536.131        119964.138843        1.832
6536.131        123518.439669        1.863
6536.131        127124.628099        1.893
6536.131        130782.704132        1.924
6536.131        134492.667769        1.955
6536.131        138254.519008        1.986
6536.131        142068.257851        2.017
6536.131        145933.884298        2.048
6536.131        149851.398347        2.08
6536.131        153820.8        2.112
6536.131        157842.089256        2.144
6536.131        161915.266116        2.176
6536.131        166040.330579        2.208
6536.131        170217.282645        2.24
7640.553        174446.122314        2.273
7640.553        178726.849587        2.306
7640.553        183059.464463        2.339
7640.553        187443.966942        2.372
7640.553        191880.357025        2.406
7640.553        196368.634711        2.439
7640.553        200908.8        2.473
7640.553        205500.852893        2.507
7640.553        210144.793388        2.541
7640.553        214840.621488        2.576
7640.553        219588.33719        2.611
7640.553        224387.940496        2.646
7640.553        229239.431405        2.681
7640.553        234142.809917        2.716
8544.171        239098.076033        2.752
8544.171        244105.229752        2.788
8544.171        249164.271074        2.824
8544.171        254275.2        2.86
