Foil_Camber: 0
VELOCITY        HEIGHT          MACH    
10.0        0.0        0.0
612.4121        105.903873        0.051
10.0        423.615494        0.102
60.20101        953.13486        0.154
60.20101        1694.461974        0.205
10.0        2647.596835        0.256
10.0        3812.539442        0.308
10.0        5189.289796        0.359
60.20101        6777.847897        0.411
10.0        8578.213744        0.462
160.603        10590.387339        0.514
60.20101        12814.36868        0.566
10.0        15250.157768        0.619
10.0        17897.754602        0.671
110.402        20757.159184        0.724
210.804        23828.371512        0.777
110.402        27111.391587        0.83
110.402        30606.219409        0.884
110.402        34312.854977        0.937
110.402        38231.298292        0.991
411.608        42361.549354        1.046
311.206        46703.608163        1.101
411.608        51257.474719        1.156
512.0101        56023.149021        1.211
1164.623        61000.63107        1.267
1164.623        66189.920866        1.324
2218.844        71591.018409        1.38
2218.844        77203.923698        1.438
2218.844        83028.636735        1.495
2218.844        89065.157518        1.554
2218.844        95313.486047        1.613
2218.844        101773.622324        1.672
2218.844        108445.566347        1.732
2871.457        115329.318117        1.792
2871.457        122424.877634        1.853
2871.457        129732.244898        1.915
2871.457        137251.419908        1.978
2871.457        144982.402666        2.041
2871.457        152925.19317        2.105
2871.457        161079.79142        2.169
2871.457        169446.197418        2.234
3473.869        178024.411162        2.3
3473.869        186814.432653        2.367
3473.869        195816.261891        2.435
3473.869        205029.898875        2.504
3473.869        214455.343607        2.573
3473.869        224092.596085        2.643
3473.869        233941.65631        2.715
4026.08        244002.524282        2.787
4026.08        254275.2        2.86

Foil_Camber: 1
VELOCITY        HEIGHT          MACH    
411.608        0.0        0.0
562.2111        105.903873        0.051
210.804        423.615494        0.102
261.005        953.13486        0.154
261.005        1694.461974        0.205
261.005        2647.596835        0.256
261.005        3812.539442        0.308
311.206        5189.289796        0.359
361.407        6777.847897        0.411
411.608        8578.213744        0.462
512.0101        10590.387339        0.514
662.6131        12814.36868        0.566
863.4171        15250.157768        0.619
1014.02        17897.754602        0.671
1214.824        20757.159184        0.724
2771.055        23828.371512        0.777
3423.668        27111.391587        0.83
4628.492        30606.219409        0.884
5983.92        34312.854977        0.937
8092.362        38231.298292        0.991
60.20101        42361.549354        1.046
10.0        46703.608163        1.101
10.0        51257.474719        1.156
60.20101        56023.149021        1.211
60.20101        61000.63107        1.267
60.20101        66189.920866        1.324
60.20101        71591.018409        1.38
60.20101        77203.923698        1.438
60.20101        83028.636735        1.495
60.20101        89065.157518        1.554
60.20101        95313.486047        1.613
60.20101        101773.622324        1.672
60.20101        108445.566347        1.732
10.0        115329.318117        1.792
10.0        122424.877634        1.853
10.0        129732.244898        1.915
10.0        137251.419908        1.978
10.0        144982.402666        2.041
10.0        152925.19317        2.105
10.0        161079.79142        2.169
10.0        169446.197418        2.234
60.20101        178024.411162        2.3
60.20101        186814.432653        2.367
60.20101        195816.261891        2.435
60.20101        205029.898875        2.504
60.20101        214455.343607        2.573
60.20101        224092.596085        2.643
60.20101        233941.65631        2.715
10.0        244002.524282        2.787
10.0        254275.2        2.86

Foil_Camber: 2
VELOCITY        HEIGHT          MACH    
10.0        0.0        0.0
10.0        105.903873        0.051
60.20101        423.615494        0.102
110.402        953.13486        0.154
60.20101        1694.461974        0.205
110.402        2647.596835        0.256
10.0        3812.539442        0.308
10.0        5189.289796        0.359
10.0        6777.847897        0.411
110.402        8578.213744        0.462
110.402        10590.387339        0.514
10.0        12814.36868        0.566
60.20101        15250.157768        0.619
10.0        17897.754602        0.671
10.0        20757.159184        0.724
60.20101        23828.371512        0.777
160.603        27111.391587        0.83
60.20101        30606.219409        0.884
110.402        34312.854977        0.937
160.603        38231.298292        0.991
311.206        42361.549354        1.046
361.407        46703.608163        1.101
562.2111        51257.474719        1.156
662.6131        56023.149021        1.211
1516.03        61000.63107        1.267
1516.03        66189.920866        1.324
2720.854        71591.018409        1.38
2720.854        77203.923698        1.438
2720.854        83028.636735        1.495
2720.854        89065.157518        1.554
2720.854        95313.486047        1.613
2720.854        101773.622324        1.672
2720.854        108445.566347        1.732
3473.869        115329.318117        1.792
3473.869        122424.877634        1.853
3473.869        129732.244898        1.915
3473.869        137251.419908        1.978
3473.869        144982.402666        2.041
3473.869        152925.19317        2.105
3473.869        161079.79142        2.169
3473.869        169446.197418        2.234
4076.281        178024.411162        2.3
4076.281        186814.432653        2.367
4076.281        195816.261891        2.435
4076.281        205029.898875        2.504
4076.281        214455.343607        2.573
4076.281        224092.596085        2.643
4076.281        233941.65631        2.715
4779.095        244002.524282        2.787
4779.095        254275.2        2.86

Foil_Camber: 3
VELOCITY        HEIGHT          MACH    
261.005        0.0        0.0
512.0101        105.903873        0.051
261.005        423.615494        0.102
110.402        953.13486        0.154
311.206        1694.461974        0.205
110.402        2647.596835        0.256
110.402        3812.539442        0.308
210.804        5189.289796        0.359
160.603        6777.847897        0.411
210.804        8578.213744        0.462
210.804        10590.387339        0.514
311.206        12814.36868        0.566
361.407        15250.157768        0.619
461.809        17897.754602        0.671
612.4121        20757.159184        0.724
1716.834        23828.371512        0.777
2520.05        27111.391587        0.83
3724.874        30606.219409        0.884
5481.91        34312.854977        0.937
8142.563        38231.298292        0.991
210.804        42361.549354        1.046
60.20101        46703.608163        1.101
10.0        51257.474719        1.156
10.0        56023.149021        1.211
60.20101        61000.63107        1.267
60.20101        66189.920866        1.324
110.402        71591.018409        1.38
110.402        77203.923698        1.438
110.402        83028.636735        1.495
110.402        89065.157518        1.554
110.402        95313.486047        1.613
110.402        101773.622324        1.672
110.402        108445.566347        1.732
110.402        115329.318117        1.792
110.402        122424.877634        1.853
110.402        129732.244898        1.915
110.402        137251.419908        1.978
110.402        144982.402666        2.041
110.402        152925.19317        2.105
110.402        161079.79142        2.169
110.402        169446.197418        2.234
10.0        178024.411162        2.3
10.0        186814.432653        2.367
10.0        195816.261891        2.435
10.0        205029.898875        2.504
10.0        214455.343607        2.573
10.0        224092.596085        2.643
10.0        233941.65631        2.715
10.0        244002.524282        2.787
10.0        254275.2        2.86

Foil_Camber: 4
VELOCITY        HEIGHT          MACH    
60.20101        0.0        0.0
160.603        105.903873        0.051
361.407        423.615494        0.102
361.407        953.13486        0.154
411.608        1694.461974        0.205
411.608        2647.596835        0.256
512.0101        3812.539442        0.308
562.2111        5189.289796        0.359
662.6131        6777.847897        0.411
813.2161        8578.213744        0.462
1014.02        10590.387339        0.514
1114.422        12814.36868        0.566
1415.628        15250.157768        0.619
1767.035        17897.754602        0.671
2218.844        20757.159184        0.724
4879.497        23828.371512        0.777
6435.729        27111.391587        0.83
8594.372        30606.219409        0.884
10.0        34312.854977        0.937
10.0        38231.298292        0.991
60.20101        42361.549354        1.046
60.20101        46703.608163        1.101
60.20101        51257.474719        1.156
60.20101        56023.149021        1.211
10.0        61000.63107        1.267
10.0        66189.920866        1.324
60.20101        71591.018409        1.38
60.20101        77203.923698        1.438
60.20101        83028.636735        1.495
60.20101        89065.157518        1.554
60.20101        95313.486047        1.613
60.20101        101773.622324        1.672
60.20101        108445.566347        1.732
60.20101        115329.318117        1.792
60.20101        122424.877634        1.853
60.20101        129732.244898        1.915
60.20101        137251.419908        1.978
60.20101        144982.402666        2.041
60.20101        152925.19317        2.105
60.20101        161079.79142        2.169
60.20101        169446.197418        2.234
10.0        178024.411162        2.3
10.0        186814.432653        2.367
10.0        195816.261891        2.435
10.0        205029.898875        2.504
10.0        214455.343607        2.573
10.0        224092.596085        2.643
10.0        233941.65631        2.715
10.0        244002.524282        2.787
10.0        254275.2        2.86
