Foil_Thickness: 0.2
VELOCITY        HEIGHT          MACH    
160.603        0.0        0.0
210.804        25.943802        0.025
10.0        103.775207        0.051
10.0        233.494215        0.076
10.0        415.100826        0.101
60.20101        648.595041        0.127
60.20101        933.97686        0.152
60.20101        1271.246281        0.177
60.20101        1660.403306        0.203
110.402        2101.447934        0.228
60.20101        2594.380165        0.254
60.20101        3139.2        0.279
60.20101        3735.907438        0.304
110.402        4384.502479        0.33
160.603        5084.985124        0.355
60.20101        5837.355372        0.381
60.20101        6641.613223        0.407
60.20101        7497.758678        0.432
60.20101        8405.791736        0.458
60.20101        9365.712397        0.483
110.402        10377.520661        0.509
110.402        11441.216529        0.535
60.20101        12556.8        0.561
311.206        13724.271074        0.587
110.402        14943.629752        0.612
160.603        16214.876033        0.638
110.402        17538.009917        0.664
110.402        18913.031405        0.69
110.402        20339.940496        0.717
160.603        21818.73719        0.743
261.005        23349.421488        0.769
361.407        24931.993388        0.795
461.809        26566.452893        0.822
512.0101        28252.8        0.848
562.2111        29991.034711        0.874
662.6131        31781.157025        0.901
813.2161        33623.166942        0.928
1014.02        35517.064463        0.954
1265.025        37462.849587        0.981
1415.628        39460.522314        1.008
1817.236        41510.082645        1.035
2218.844        43611.530579        1.062
2469.849        45764.866116        1.089
3172.663        47970.089256        1.116
4076.281        50227.2        1.144
4076.281        52536.198347        1.171
4779.095        54897.084298        1.198
6234.925        57309.857851        1.226
8192.764        59774.519008        1.254
8192.764        62291.067769        1.281
8192.764        64859.504132        1.309
10.0        67479.828099        1.337
10.0        70152.039669        1.365
10.0        72876.138843        1.394
10.0        75652.12562        1.422
10.0        78480.0        1.451
10.0        81359.761983        1.479
10.0        84291.41157        1.508
10.0        87274.94876        1.537
10.0        90310.373554        1.566
10.0        93397.68595        1.595
10.0        96536.88595        1.624
10.0        99727.973554        1.653
10.0        102970.94876        1.683
10.0        106265.81157        1.712
10.0        109612.561983        1.742
10.0        113011.2        1.772
10.0        116461.72562        1.802
10.0        119964.138843        1.832
10.0        123518.439669        1.863
10.0        127124.628099        1.893
10.0        130782.704132        1.924
10.0        134492.667769        1.955
10.0        138254.519008        1.986
10.0        142068.257851        2.017
10.0        145933.884298        2.048
10.0        149851.398347        2.08
10.0        153820.8        2.112
10.0        157842.089256        2.144
10.0        161915.266116        2.176
10.0        166040.330579        2.208
10.0        170217.282645        2.24
60.20101        174446.122314        2.273
60.20101        178726.849587        2.306
60.20101        183059.464463        2.339
60.20101        187443.966942        2.372
60.20101        191880.357025        2.406
60.20101        196368.634711        2.439
60.20101        200908.8        2.473
60.20101        205500.852893        2.507
60.20101        210144.793388        2.541
60.20101        214840.621488        2.576
60.20101        219588.33719        2.611
60.20101        224387.940496        2.646
60.20101        229239.431405        2.681
60.20101        234142.809917        2.716
60.20101        239098.076033        2.752
60.20101        244105.229752        2.788
60.20101        249164.271074        2.824
60.20101        254275.2        2.86

Foil_Thickness: 0.4
VELOCITY        HEIGHT          MACH    
10.0        0.0        0.0
160.603        25.943802        0.025
10.0        103.775207        0.051
10.0        233.494215        0.076
10.0        415.100826        0.101
60.20101        648.595041        0.127
60.20101        933.97686        0.152
110.402        1271.246281        0.177
110.402        1660.403306        0.203
60.20101        2101.447934        0.228
110.402        2594.380165        0.254
60.20101        3139.2        0.279
110.402        3735.907438        0.304
60.20101        4384.502479        0.33
60.20101        5084.985124        0.355
60.20101        5837.355372        0.381
60.20101        6641.613223        0.407
60.20101        7497.758678        0.432
60.20101        8405.791736        0.458
60.20101        9365.712397        0.483
60.20101        10377.520661        0.509
60.20101        11441.216529        0.535
160.603        12556.8        0.561
60.20101        13724.271074        0.587
60.20101        14943.629752        0.612
60.20101        16214.876033        0.638
160.603        17538.009917        0.664
110.402        18913.031405        0.69
110.402        20339.940496        0.717
110.402        21818.73719        0.743
261.005        23349.421488        0.769
461.809        24931.993388        0.795
411.608        26566.452893        0.822
461.809        28252.8        0.848
562.2111        29991.034711        0.874
662.6131        31781.157025        0.901
813.2161        33623.166942        0.928
1014.02        35517.064463        0.954
1214.824        37462.849587        0.981
1516.03        39460.522314        1.008
1867.437        41510.082645        1.035
2218.844        43611.530579        1.062
2469.849        45764.866116        1.089
3172.663        47970.089256        1.116
4026.08        50227.2        1.144
4026.08        52536.198347        1.171
4728.894        54897.084298        1.198
6385.528        57309.857851        1.226
8493.97        59774.519008        1.254
8493.97        62291.067769        1.281
8493.97        64859.504132        1.309
10.0        67479.828099        1.337
10.0        70152.039669        1.365
10.0        72876.138843        1.394
10.0        75652.12562        1.422
10.0        78480.0        1.451
10.0        81359.761983        1.479
10.0        84291.41157        1.508
10.0        87274.94876        1.537
10.0        90310.373554        1.566
10.0        93397.68595        1.595
10.0        96536.88595        1.624
10.0        99727.973554        1.653
10.0        102970.94876        1.683
10.0        106265.81157        1.712
10.0        109612.561983        1.742
60.20101        113011.2        1.772
60.20101        116461.72562        1.802
60.20101        119964.138843        1.832
60.20101        123518.439669        1.863
60.20101        127124.628099        1.893
60.20101        130782.704132        1.924
60.20101        134492.667769        1.955
60.20101        138254.519008        1.986
60.20101        142068.257851        2.017
60.20101        145933.884298        2.048
60.20101        149851.398347        2.08
60.20101        153820.8        2.112
60.20101        157842.089256        2.144
60.20101        161915.266116        2.176
60.20101        166040.330579        2.208
60.20101        170217.282645        2.24
60.20101        174446.122314        2.273
60.20101        178726.849587        2.306
60.20101        183059.464463        2.339
60.20101        187443.966942        2.372
60.20101        191880.357025        2.406
60.20101        196368.634711        2.439
60.20101        200908.8        2.473
60.20101        205500.852893        2.507
60.20101        210144.793388        2.541
60.20101        214840.621488        2.576
60.20101        219588.33719        2.611
60.20101        224387.940496        2.646
60.20101        229239.431405        2.681
60.20101        234142.809917        2.716
10.0        239098.076033        2.752
10.0        244105.229752        2.788
10.0        249164.271074        2.824
10.0        254275.2        2.86

Foil_Thickness: 0.6
VELOCITY        HEIGHT          MACH    
60.20101        0.0        0.0
10.0        25.943802        0.025
60.20101        103.775207        0.051
10.0        233.494215        0.076
10.0        415.100826        0.101
110.402        648.595041        0.127
461.809        933.97686        0.152
60.20101        1271.246281        0.177
60.20101        1660.403306        0.203
60.20101        2101.447934        0.228
60.20101        2594.380165        0.254
160.603        3139.2        0.279
110.402        3735.907438        0.304
60.20101        4384.502479        0.33
60.20101        5084.985124        0.355
60.20101        5837.355372        0.381
160.603        6641.613223        0.407
110.402        7497.758678        0.432
60.20101        8405.791736        0.458
60.20101        9365.712397        0.483
60.20101        10377.520661        0.509
461.809        11441.216529        0.535
60.20101        12556.8        0.561
60.20101        13724.271074        0.587
110.402        14943.629752        0.612
110.402        16214.876033        0.638
210.804        17538.009917        0.664
160.603        18913.031405        0.69
110.402        20339.940496        0.717
361.407        21818.73719        0.743
311.206        23349.421488        0.769
512.0101        24931.993388        0.795
411.608        26566.452893        0.822
512.0101        28252.8        0.848
813.2161        29991.034711        0.874
712.8141        31781.157025        0.901
863.4171        33623.166942        0.928
1064.221        35517.064463        0.954
1265.025        37462.849587        0.981
1666.633        39460.522314        1.008
1917.638        41510.082645        1.035
2369.447        43611.530579        1.062
2620.452        45764.866116        1.089
3473.869        47970.089256        1.116
4126.482        50227.2        1.144
4126.482        52536.198347        1.171
5080.302        54897.084298        1.198
6837.337        57309.857851        1.226
9046.181        59774.519008        1.254
9046.181        62291.067769        1.281
9046.181        64859.504132        1.309
60.20101        67479.828099        1.337
60.20101        70152.039669        1.365
60.20101        72876.138843        1.394
60.20101        75652.12562        1.422
60.20101        78480.0        1.451
60.20101        81359.761983        1.479
60.20101        84291.41157        1.508
60.20101        87274.94876        1.537
60.20101        90310.373554        1.566
60.20101        93397.68595        1.595
60.20101        96536.88595        1.624
60.20101        99727.973554        1.653
60.20101        102970.94876        1.683
60.20101        106265.81157        1.712
60.20101        109612.561983        1.742
10.0        113011.2        1.772
10.0        116461.72562        1.802
10.0        119964.138843        1.832
10.0        123518.439669        1.863
10.0        127124.628099        1.893
10.0        130782.704132        1.924
10.0        134492.667769        1.955
10.0        138254.519008        1.986
10.0        142068.257851        2.017
10.0        145933.884298        2.048
10.0        149851.398347        2.08
10.0        153820.8        2.112
10.0        157842.089256        2.144
10.0        161915.266116        2.176
10.0        166040.330579        2.208
10.0        170217.282645        2.24
10.0        174446.122314        2.273
10.0        178726.849587        2.306
10.0        183059.464463        2.339
10.0        187443.966942        2.372
10.0        191880.357025        2.406
10.0        196368.634711        2.439
10.0        200908.8        2.473
10.0        205500.852893        2.507
10.0        210144.793388        2.541
10.0        214840.621488        2.576
10.0        219588.33719        2.611
10.0        224387.940496        2.646
10.0        229239.431405        2.681
10.0        234142.809917        2.716
10.0        239098.076033        2.752
10.0        244105.229752        2.788
10.0        249164.271074        2.824
10.0        254275.2        2.86

Foil_Thickness: 0.8
VELOCITY        HEIGHT          MACH    
10.0        0.0        0.0
10.0        25.943802        0.025
60.20101        103.775207        0.051
60.20101        233.494215        0.076
110.402        415.100826        0.101
110.402        648.595041        0.127
10.0        933.97686        0.152
10.0        1271.246281        0.177
60.20101        1660.403306        0.203
10.0        2101.447934        0.228
10.0        2594.380165        0.254
10.0        3139.2        0.279
160.603        3735.907438        0.304
60.20101        4384.502479        0.33
10.0        5084.985124        0.355
10.0        5837.355372        0.381
10.0        6641.613223        0.407
10.0        7497.758678        0.432
10.0        8405.791736        0.458
60.20101        9365.712397        0.483
60.20101        10377.520661        0.509
60.20101        11441.216529        0.535
10.0        12556.8        0.561
160.603        13724.271074        0.587
160.603        14943.629752        0.612
110.402        16214.876033        0.638
10.0        17538.009917        0.664
110.402        18913.031405        0.69
10.0        20339.940496        0.717
10.0        21818.73719        0.743
110.402        23349.421488        0.769
60.20101        24931.993388        0.795
60.20101        26566.452893        0.822
110.402        28252.8        0.848
60.20101        29991.034711        0.874
110.402        31781.157025        0.901
110.402        33623.166942        0.928
210.804        35517.064463        0.954
160.603        37462.849587        0.981
160.603        39460.522314        1.008
261.005        41510.082645        1.035
361.407        43611.530579        1.062
361.407        45764.866116        1.089
512.0101        47970.089256        1.116
512.0101        50227.2        1.144
512.0101        52536.198347        1.171
712.8141        54897.084298        1.198
1014.02        57309.857851        1.226
1415.628        59774.519008        1.254
1415.628        62291.067769        1.281
1415.628        64859.504132        1.309
2670.653        67479.828099        1.337
2670.653        70152.039669        1.365
2670.653        72876.138843        1.394
2670.653        75652.12562        1.422
2670.653        78480.0        1.451
2670.653        81359.761983        1.479
2670.653        84291.41157        1.508
2670.653        87274.94876        1.537
2670.653        90310.373554        1.566
2670.653        93397.68595        1.595
2670.653        96536.88595        1.624
2670.653        99727.973554        1.653
2670.653        102970.94876        1.683
2670.653        106265.81157        1.712
2670.653        109612.561983        1.742
3423.668        113011.2        1.772
3423.668        116461.72562        1.802
3423.668        119964.138843        1.832
3423.668        123518.439669        1.863
3423.668        127124.628099        1.893
3423.668        130782.704132        1.924
3423.668        134492.667769        1.955
3423.668        138254.519008        1.986
3423.668        142068.257851        2.017
3423.668        145933.884298        2.048
3423.668        149851.398347        2.08
3423.668        153820.8        2.112
3423.668        157842.089256        2.144
3423.668        161915.266116        2.176
3423.668        166040.330579        2.208
3423.668        170217.282645        2.24
4176.683        174446.122314        2.273
4176.683        178726.849587        2.306
4176.683        183059.464463        2.339
4176.683        187443.966942        2.372
4176.683        191880.357025        2.406
4176.683        196368.634711        2.439
4176.683        200908.8        2.473
4176.683        205500.852893        2.507
4176.683        210144.793388        2.541
4176.683        214840.621488        2.576
4176.683        219588.33719        2.611
4176.683        224387.940496        2.646
4176.683        229239.431405        2.681
4176.683        234142.809917        2.716
4829.296        239098.076033        2.752
4829.296        244105.229752        2.788
4829.296        249164.271074        2.824
4829.296        254275.2        2.86

Foil_Thickness: 1.0
VELOCITY        HEIGHT          MACH    
411.608        0.0        0.0
411.608        25.943802        0.025
411.608        103.775207        0.051
461.809        233.494215        0.076
461.809        415.100826        0.101
512.0101        648.595041        0.127
461.809        933.97686        0.152
461.809        1271.246281        0.177
562.2111        1660.403306        0.203
612.4121        2101.447934        0.228
512.0101        2594.380165        0.254
612.4121        3139.2        0.279
612.4121        3735.907438        0.304
612.4121        4384.502479        0.33
662.6131        5084.985124        0.355
712.8141        5837.355372        0.381
813.2161        6641.613223        0.407
763.0151        7497.758678        0.432
913.6181        8405.791736        0.458
913.6181        9365.712397        0.483
1064.221        10377.520661        0.509
1064.221        11441.216529        0.535
1164.623        12556.8        0.561
1315.226        13724.271074        0.587
1415.628        14943.629752        0.612
1566.231        16214.876033        0.638
1817.236        17538.009917        0.664
1967.839        18913.031405        0.69
2269.045        20339.940496        0.717
2520.05        21818.73719        0.743
4477.889        23349.421488        0.769
5331.307        24931.993388        0.795
5783.116        26566.452893        0.822
6686.734        28252.8        0.848
7590.352        29991.034711        0.874
8795.176        31781.157025        0.901
10.0        33623.166942        0.928
10.0        35517.064463        0.954
60.20101        37462.849587        0.981
10.0        39460.522314        1.008
10.0        41510.082645        1.035
10.0        43611.530579        1.062
10.0        45764.866116        1.089
10.0        47970.089256        1.116
10.0        50227.2        1.144
10.0        52536.198347        1.171
10.0        54897.084298        1.198
110.402        57309.857851        1.226
10.0        59774.519008        1.254
10.0        62291.067769        1.281
10.0        64859.504132        1.309
10.0        67479.828099        1.337
10.0        70152.039669        1.365
10.0        72876.138843        1.394
10.0        75652.12562        1.422
10.0        78480.0        1.451
10.0        81359.761983        1.479
10.0        84291.41157        1.508
10.0        87274.94876        1.537
10.0        90310.373554        1.566
10.0        93397.68595        1.595
10.0        96536.88595        1.624
10.0        99727.973554        1.653
10.0        102970.94876        1.683
10.0        106265.81157        1.712
10.0        109612.561983        1.742
10.0        113011.2        1.772
10.0        116461.72562        1.802
10.0        119964.138843        1.832
10.0        123518.439669        1.863
10.0        127124.628099        1.893
10.0        130782.704132        1.924
10.0        134492.667769        1.955
10.0        138254.519008        1.986
10.0        142068.257851        2.017
10.0        145933.884298        2.048
10.0        149851.398347        2.08
10.0        153820.8        2.112
10.0        157842.089256        2.144
10.0        161915.266116        2.176
10.0        166040.330579        2.208
10.0        170217.282645        2.24
60.20101        174446.122314        2.273
60.20101        178726.849587        2.306
60.20101        183059.464463        2.339
60.20101        187443.966942        2.372
60.20101        191880.357025        2.406
60.20101        196368.634711        2.439
60.20101        200908.8        2.473
60.20101        205500.852893        2.507
60.20101        210144.793388        2.541
60.20101        214840.621488        2.576
60.20101        219588.33719        2.611
60.20101        224387.940496        2.646
60.20101        229239.431405        2.681
60.20101        234142.809917        2.716
10.0        239098.076033        2.752
10.0        244105.229752        2.788
10.0        249164.271074        2.824
10.0        254275.2        2.86
